-0.556429 -0.871474 0.003166
-0.707182 -0.712435 0.003166
-0.556429 -0.871474 0.003166
-1.000000 -0.000000 1.000000
-1.000000 -0.000000 1.000000
-0.999948 -0.001439 0.711284
-1.000000 -0.000000 1.000000
-0.999948 -0.000720 0.542314
-0.999948 -0.001439 0.711284
-0.999948 -0.000720 0.542314
-0.999727 -0.005037 0.485895
-0.999727 -0.005037 0.485895
-0.999794 -0.004318 0.438400
-0.999753 -0.004318 0.317501
-0.999584 -0.005757 0.352044
-0.999599 -0.005757 0.369315
-0.999561 -0.006477 0.399539
-0.999418 -0.007916 0.163788
-0.998282 -0.015832 0.139609
-0.999635 -0.005037 0.252735
-0.999805 -0.002879 0.276914
-0.999897 -0.002879 0.402994
-0.567847 -0.868595 0.003166
-0.999805 -0.002879 0.276914
-0.999779 -0.004318 0.421128
-0.999702 -0.005037 0.295049
-0.999543 -0.007196 0.235463
-0.999635 -0.005037 0.252735
-0.999779 -0.004318 0.421128
-0.999794 -0.004318 0.438400
-0.999856 -0.002159 0.368451
-0.999584 -0.005757 0.352044
-0.998790 -0.012234 0.103339
-0.998334 -0.014393 0.178469
-0.999400 -0.008636 0.163788
-0.998971 -0.011514 0.206966
-0.832727 -0.498705 0.003454
-0.997531 -0.018710 0.115429
-0.999738 -0.004318 0.219919
-0.999830 -0.003598 0.315774
-0.995496 -0.028066 0.083477
-0.607970 -0.833333 0.003166
-0.714935 -0.698043 0.004606
-0.635033 -0.810305 0.003166
-0.998069 -0.015112 0.129246
-0.599466 -0.835492 0.003166
-0.568412 -0.861399 0.003166
-0.735022 -0.669257 0.003166
-0.999845 -0.002879 0.305412
-0.826256 -0.502303 0.006045
-0.576494 -0.856362 0.003166
-0.584340 -0.847726 0.003166
-0.998282 -0.015832 0.139609
-0.696798 -0.725389 0.003166
-0.999845 -0.002879 0.305412
-0.999702 -0.005037 0.295049
-0.787584 -0.575705 0.003166
-0.666047 -0.758492 0.003166
-0.997188 -0.018710 0.090386
-0.888854 -0.377087 0.004318
-0.770151 -0.606649 0.003166
-0.699143 -0.723230 0.003166
-0.668125 -0.755613 0.003454
-0.721256 -0.695884 0.003166
-0.849102 -0.469200 0.003454
-0.571127 -0.857801 0.003166
-0.622939 -0.816782 0.003166
-0.613948 -0.829735 0.003166
-0.999753 -0.003598 0.228555
-0.756750 -0.633276 0.003166
-0.675119 -0.748417 0.003166
-0.997085 -0.020150 0.073115
-0.808963 -0.539004 0.003166
-0.898212 -0.349741 0.005181
-0.760094 -0.626799 0.003166
-0.733456 -0.672855 0.003454
-0.996013 -0.025187 0.067070
-0.788795 -0.572827 0.003166
-0.597680 -0.837651 0.003166
-0.988296 -0.059010 0.054116
-0.813207 -0.527490 0.003166
-0.701932 -0.714594 0.003166
-0.773865 -0.605210 0.003166
-0.693796 -0.728267 0.004030
-0.999738 -0.004318 0.219919
-0.578448 -0.854203 0.003166
-0.927739 -0.279937 0.005757
-0.994133 -0.024467 0.060161
-0.775855 -0.600173 0.003166
-0.983389 -0.080599 0.052389
-0.806771 -0.541883 0.003166
-0.725550 -0.692286 0.003166
-0.820696 -0.516695 0.003166
-0.798849 -0.557714 0.003166
-0.834386 -0.495826 0.004606
-0.727007 -0.687968 0.003454
-0.900220 -0.345423 0.004893
-0.863734 -0.440415 0.004030
-0.656536 -0.773604 0.003742
-0.661371 -0.767127 0.003454
-0.746533 -0.654865 0.003454
-0.814465 -0.524611 0.003166
-0.721553 -0.695164 0.003454
-0.998704 -0.013673 0.092976
-0.912926 -0.312320 0.005181
-0.823552 -0.507340 0.004030
-0.805081 -0.546200 0.003166
-0.938794 -0.241796 0.006621
-0.732473 -0.675734 0.003454
-0.958626 -0.176310 0.012090
-0.749619 -0.645509 0.003742
-0.878258 -0.406592 0.004030
-0.825073 -0.506621 0.004030
-0.920593 -0.300086 0.005757
-0.844254 -0.474237 0.003454
-0.947690 -0.213011 0.013529
-0.738954 -0.667098 0.003166
-0.762000 -0.623921 0.003166
-0.937708 -0.244675 0.006621
-0.728755 -0.685809 0.003166
-0.730679 -0.677893 0.003166
-0.755874 -0.636154 0.003166
-0.999164 -0.009355 0.125792
-0.997956 -0.017271 0.115429
-0.959356 -0.171992 0.009499
-0.686108 -0.737622 0.003166
-0.874177 -0.415227 0.004030
-0.793715 -0.566350 0.003166
-0.785913 -0.580023 0.003166
-0.674448 -0.749856 0.003454
-0.672674 -0.753454 0.003166
-0.912083 -0.314479 0.005181
-0.950874 -0.202936 0.010938
-0.706479 -0.713155 0.003166
-0.818648 -0.518854 0.003166
-0.748935 -0.641192 0.003454
-0.617105 -0.822539 0.003166
-0.748698 -0.650547 0.003742
-0.809544 -0.535406 0.003454
-0.994938 -0.032383 0.063615
-0.642324 -0.798071 0.003166
-0.803507 -0.549799 0.003166
-0.989161 -0.053253 0.038572
-0.887825 -0.379965 0.004318
-0.580768 -0.851324 0.003166
-0.628539 -0.811744 0.003454
-0.640790 -0.801670 0.003454
-0.991106 -0.041739 0.041163
-0.615391 -0.826857 0.003166
-0.988712 -0.055412 0.066206
-0.640153 -0.800950 0.003166
-0.998334 -0.014393 0.178469
-0.940787 -0.233161 0.009211
-0.766411 -0.616005 0.003166
-0.874330 -0.410190 0.004318
-0.842919 -0.477116 0.003454
-0.636396 -0.805987 0.003166
-0.879269 -0.403713 0.004030
-0.999753 -0.003598 0.228555
-0.999543 -0.007196 0.235463
-0.885517 -0.382844 0.004318
-0.810528 -0.533247 0.003166
-0.849983 -0.467041 0.003454
-0.927091 -0.282096 0.006045
-0.996805 -0.022309 0.073115
-0.586274 -0.845567 0.003166
-0.975653 -0.111543 0.016983
-0.902441 -0.333909 0.006621
-0.837923 -0.487910 0.004318
-0.617719 -0.821819 0.003166
-0.999521 -0.006477 0.196603
-0.816221 -0.522453 0.003166
-0.710049 -0.706678 0.004318
-0.965629 -0.150403 0.019574
-0.850981 -0.464162 0.003454
-0.852679 -0.459125 0.003454
-0.672006 -0.754893 0.003166
-0.998739 -0.012953 0.101612
-0.975975 -0.107945 0.025043
-0.649995 -0.785118 0.003166
-0.999113 -0.010794 0.206966
-0.901258 -0.341825 0.005757
-0.884752 -0.387162 0.006621
-0.992242 -0.043178 0.076569
-0.953502 -0.192861 0.014393
-0.792665 -0.567789 0.003166
-0.929720 -0.269862 0.013529
-0.928483 -0.274899 0.007484
-0.854581 -0.456246 0.003454
-0.995119 -0.030225 0.092113
-0.660170 -0.771445 0.003166
-0.908685 -0.320236 0.004893
-0.650738 -0.780800 0.003166
-0.944283 -0.223086 0.008348
-0.821183 -0.513097 0.003454
-0.836642 -0.492228 0.003454
-0.988093 -0.056851 0.046344
-0.699887 -0.718912 0.003166
-0.993763 -0.033103 0.056995
-0.581347 -0.852044 0.003454
-0.847020 -0.473518 0.003454
-0.895292 -0.356937 0.005757
-0.838914 -0.483592 0.004893
-0.907625 -0.323834 0.004893
-0.570954 -0.859960 0.003166
-0.993034 -0.038860 0.057571
-0.906350 -0.328152 0.004893
-0.992945 -0.039580 0.043754
-0.932893 -0.259067 0.006908
-0.592188 -0.838371 0.003166
-0.609181 -0.831894 0.004606
-0.689775 -0.731865 0.003166
-0.942097 -0.230282 0.010938
-0.729971 -0.680771 0.003166
-0.662530 -0.765688 0.003166
-0.990267 -0.049655 0.049799
-0.999282 -0.008636 0.119747
-0.620993 -0.819660 0.003166
-0.588391 -0.839810 0.003166
-0.969787 -0.134571 0.012953
-0.949977 -0.205815 0.010938
-0.682122 -0.738342 0.003454
-0.936242 -0.246834 0.009499
-0.902298 -0.338946 0.006908
-0.999702 -0.004318 0.202648
-0.931484 -0.264824 0.009211
-0.999473 -0.004318 0.184514
-0.864188 -0.437536 0.004030
-0.958025 -0.178469 0.009211
-0.976280 -0.105786 0.027346
-0.818335 -0.521733 0.003166
-0.806306 -0.544761 0.003166
-0.952615 -0.196459 0.011802
-0.778297 -0.595855 0.004030
-0.779064 -0.593696 0.003166
-0.999480 -0.005037 0.191422
-0.865460 -0.436097 0.004030
-0.626796 -0.816062 0.003166
-0.875834 -0.408031 0.004893
-0.942383 -0.228843 0.019574
-0.662530 -0.762090 0.003454
-0.983972 -0.077720 0.052389
-0.881299 -0.397956 0.004030
-0.984606 -0.074842 0.075705
-0.868813 -0.430340 0.004030
-0.881827 -0.393638 0.004893
-0.836368 -0.494387 0.003454
-0.985446 -0.067645 0.029937
-0.782937 -0.585060 0.003166
-0.769292 -0.610248 0.003166
-0.949080 -0.209413 0.013529
-0.659806 -0.772165 0.003166
-0.741719 -0.662781 0.003454
-0.644440 -0.792314 0.003166
-0.995548 -0.026626 0.080023
-0.914642 -0.309442 0.005181
-0.785132 -0.580743 0.003166
-0.783001 -0.584341 0.003166
-0.797691 -0.562032 0.003166
-0.977503 -0.094991 0.019574
-0.962115 -0.161917 0.012666
-0.743647 -0.659183 0.004030
-0.837163 -0.488630 0.003454
-0.907400 -0.325273 0.004893
-0.965874 -0.147524 0.014393
-0.897541 -0.351900 0.006045
-0.971205 -0.128094 0.020438
-0.742276 -0.659902 0.003166
-0.647397 -0.787997 0.003454
-0.894175 -0.361975 0.004893
-0.739098 -0.665659 0.003742
-0.855859 -0.452648 0.003454
-0.890955 -0.369171 0.005757
-0.798672 -0.560593 0.003166
-0.647397 -0.787997 0.003454
-0.651937 -0.778641 0.003742
-0.655231 -0.775763 0.003166
-0.894912 -0.359816 0.006045
-0.860502 -0.446172 0.004318
-0.870091 -0.426742 0.004030
-0.922383 -0.295049 0.005757
-0.822228 -0.511658 0.004030
-0.995639 -0.025907 0.080023
-0.826256 -0.502303 0.006045
-0.959640 -0.170553 0.013529
-0.997696 -0.015832 0.098158
-0.840782 -0.481434 0.005181
-0.946573 -0.215889 0.009211
-0.915612 -0.305843 0.007484
-0.951646 -0.200058 0.011226
-0.923517 -0.292170 0.005757
-0.991595 -0.041739 0.043754
-0.889994 -0.372769 0.005757
-0.909614 -0.319516 0.004893
-0.801699 -0.551238 0.003166
-0.939056 -0.238198 0.007484
-0.925407 -0.287853 0.005757
-0.904548 -0.330311 0.004893
-0.954268 -0.189263 0.010938
-0.588679 -0.839090 0.003166
-0.768657 -0.610967 0.003166
-0.689089 -0.732585 0.003166
-0.688159 -0.735464 0.003454
-0.987371 -0.057571 0.036269
-0.999521 -0.006477 0.196603
-0.945691 -0.219488 0.010075
-0.989135 -0.053972 0.038572
-0.885919 -0.381405 0.004318
-0.973375 -0.119459 0.018135
-0.870189 -0.422424 0.004030
-0.969448 -0.136730 0.015256
-0.929354 -0.271301 0.007484
-0.952306 -0.199338 0.011226
-0.972515 -0.122337 0.017271
-0.970537 -0.131693 0.019574
-0.650469 -0.785118 0.003742
-0.952965 -0.194301 0.012953
-0.933055 -0.254750 0.007772
-0.928592 -0.274180 0.007484
-0.974585 -0.117300 0.018710
-0.966902 -0.146085 0.014680
-0.758679 -0.629678 0.003166
-0.796558 -0.564191 0.003166
-0.681444 -0.739062 0.003454
-0.642324 -0.798071 0.003166
-0.967155 -0.144646 0.016120
-0.980330 -0.086356 0.019862
-0.996278 -0.024467 0.062752
-0.918188 -0.301526 0.005757
-0.701281 -0.716753 0.003454
-0.985785 -0.064767 0.026482
-0.934201 -0.251871 0.010075
-0.858351 -0.447611 0.003742
-0.857759 -0.450489 0.004030
-0.968869 -0.139609 0.030225
-0.946573 -0.215889 0.009211
-0.869823 -0.427461 0.004030
-0.861761 -0.443293 0.004030
-0.627420 -0.815343 0.003166
-0.790700 -0.570668 0.003166
-0.800463 -0.554116 0.003166
-0.758679 -0.629678 0.003166
-0.971671 -0.126655 0.020438
-0.762961 -0.621042 0.004893
-0.971602 -0.124496 0.015256
-0.853567 -0.456966 0.003454
-0.896952 -0.354059 0.004893
-0.978369 -0.097870 0.024755
-0.974821 -0.115141 0.023892
-0.678403 -0.743379 0.003166
-0.677969 -0.744099 0.003166
-0.889994 -0.372769 0.005757
-0.628045 -0.812464 0.003166
-0.765597 -0.618883 0.003166
-0.964889 -0.153282 0.011802
-0.712916 -0.705239 0.003742
-0.866526 -0.433938 0.004030
-0.811425 -0.530368 0.003166
-0.981830 -0.083477 0.025907
-0.900668 -0.343984 0.004893
-0.750654 -0.644790 0.004030
-0.978314 -0.098590 0.024755
-0.910363 -0.316638 0.004893
-0.637223 -0.806707 0.003454
-0.990647 -0.048215 0.049799
-0.762665 -0.621762 0.003166
-0.987350 -0.061169 0.033391
-0.895645 -0.354778 0.004893
-0.940748 -0.236039 0.007484
-0.871658 -0.419545 0.004030
-0.713813 -0.701641 0.003742
-0.708091 -0.710276 0.003454
-0.754249 -0.638313 0.003166
-0.713466 -0.704519 0.003166
-0.664115 -0.761370 0.003454
-0.921299 -0.297208 0.005757
-0.866526 -0.433938 0.004030
-0.979196 -0.093552 0.019574
-0.838942 -0.477835 0.004030
-0.999282 -0.008636 0.119747
-0.779993 -0.588659 0.003166
-0.636997 -0.807427 0.003454
-0.956914 -0.180628 0.015256
-0.883389 -0.390040 0.004893
-0.986495 -0.064047 0.030800
-0.984429 -0.071963 0.035118
-0.870233 -0.421704 0.004318
-0.943540 -0.226684 0.008348
-0.932157 -0.261226 0.006621
-0.726272 -0.691566 0.003166
-0.968347 -0.141767 0.014393
-0.614970 -0.827576 0.003166
-0.891551 -0.365573 0.005757
-0.999702 -0.004318 0.202648
-0.750654 -0.644790 0.004030
-0.710518 -0.705959 0.003454
-0.999164 -0.009355 0.125792
-0.924930 -0.289292 0.005757
-0.998031 -0.015832 0.129246
-0.970963 -0.130973 0.012953
-0.884177 -0.387881 0.004030
-0.592188 -0.838371 0.003166
-0.687475 -0.736183 0.003454
-0.935071 -0.249712 0.010075
-0.891168 -0.368451 0.005757
-0.586858 -0.843408 0.003166
-0.981281 -0.088515 0.020725
-0.861761 -0.443293 0.004030
-0.960263 -0.166235 0.010075
-0.881827 -0.393638 0.004893
-0.708091 -0.710276 0.003454
-0.620993 -0.819660 0.003166
-0.925868 -0.284974 0.005757
-0.644753 -0.790875 0.003742
-0.651289 -0.777922 0.003454
-0.765293 -0.619603 0.003166
-0.976407 -0.100748 0.023028
-0.968136 -0.143207 0.014393
-0.790700 -0.569948 0.003166
-0.979388 -0.089954 0.022165
-0.917789 -0.302245 0.005757
-0.923217 -0.292890 0.005757
-0.839034 -0.482873 0.005181
-0.905448 -0.329591 0.004893
-0.993430 -0.035262 0.056995
-0.598870 -0.836212 0.003454
-0.931147 -0.266264 0.010075
-0.903339 -0.333189 0.006621
-0.880180 -0.401554 0.004030
-0.880963 -0.398676 0.004030
-0.868813 -0.430340 0.004030
-0.962589 -0.160478 0.012090
-0.959373 -0.168394 0.010075
-0.850981 -0.464162 0.003454
-0.767660 -0.613846 0.003166
-0.945223 -0.222366 0.008348
-0.955673 -0.186385 0.011802
-0.990135 -0.045337 0.047208
-0.982068 -0.077720 0.028497
-0.811425 -0.530368 0.003166
-0.984136 -0.072683 0.048359
-0.973736 -0.118020 0.025619
-0.681444 -0.739062 0.003454
-0.678403 -0.743379 0.003166
-0.983703 -0.076281 0.031664
-0.873307 -0.416667 0.004030
-0.969072 -0.138169 0.030225
-0.973305 -0.121618 0.023028
-0.776612 -0.599453 0.003166
-0.883389 -0.390040 0.004893
-0.997696 -0.015832 0.098158
-0.963122 -0.157599 0.010363
-0.963414 -0.156880 0.011802
-0.934392 -0.247553 0.007772
-0.586858 -0.843408 0.003166
-0.991919 -0.043898 0.076569
-0.744308 -0.656304 0.003166
-0.875231 -0.409470 0.004893
-0.880284 -0.400835 0.006045
-0.956494 -0.181347 0.015256
-0.608575 -0.831174 0.004030
-0.780770 -0.587939 0.003166
-0.954268 -0.189263 0.010938
-0.728796 -0.682211 0.003166
-0.892993 -0.363414 0.004893
-0.902298 -0.338946 0.006908
-0.754249 -0.638313 0.003166
-0.859936 -0.446891 0.003742
-0.985046 -0.069085 0.035118
-0.871658 -0.419545 0.004030
-0.840782 -0.481434 0.005181
-0.677969 -0.744099 0.003166
-0.955336 -0.186385 0.011226
-0.955723 -0.184226 0.014393
-0.644440 -0.792314 0.003166
-0.700584 -0.718192 0.003166
-0.948499 -0.207974 0.012090
-0.981588 -0.084197 0.023028
-0.744308 -0.656304 0.003166
-0.692417 -0.729706 0.003166
-0.748055 -0.651986 0.003166
-0.999897 -0.002879 0.402994
-0.999687 -0.004318 0.187968
-0.847020 -0.473518 0.003454
-0.979388 -0.091393 0.032527
-0.857892 -0.449770 0.004030
-0.999687 -0.004318 0.187968
-0.655231 -0.775763 0.003166
-0.999480 -0.005037 0.191422
-0.999473 -0.004318 0.184514
-0.999561 -0.006477 0.399539
-0.986693 -0.062608 0.036269
-0.567847 -0.868595 0.003166
-0.991200 -0.047496 0.074842
-0.741719 -0.662781 0.003454
-0.714393 -0.700921 0.003454
-0.767660 -0.613846 0.003166
-0.982760 -0.072683 0.026482
-0.892993 -0.363414 0.004893
-0.925868 -0.284974 0.005757
-0.984994 -0.070524 0.024755
-0.943540 -0.226684 0.008348
-0.985927 -0.062608 0.028210
-0.961120 -0.164076 0.016120
-0.796558 -0.564191 0.003166
-0.974878 -0.112982 0.017559
-0.989771 -0.046056 0.047208
-0.915073 -0.308722 0.005757
-0.915471 -0.302965 0.005757
-0.947577 -0.207254 0.010938
-0.802127 -0.551238 0.003166
-0.921450 -0.296488 0.005757
-0.546146 -0.843408 0.003454
-0.707182 -0.712435 0.003166
-0.564786 -0.859240 0.004030
-1.000000 -0.000000 1.000000
-0.947872 -0.090674 0.037709
-0.949669 -0.077001 0.034254
-1.000000 -0.000000 1.000000
-0.971260 -0.053972 0.457398
-0.949758 -0.082038 0.046344
-0.934060 -0.094272 0.052677
-0.999727 -0.005037 0.485895
-0.936094 -0.094991 0.036845
-0.935415 -0.097870 0.043754
-0.945481 -0.097870 0.061888
-0.975873 -0.033823 0.214738
-0.999599 -0.005757 0.369315
-0.971901 -0.051094 0.154289
-0.999418 -0.007916 0.163788
-0.948525 -0.102188 0.040299
-0.943542 -0.097150 0.045481
-0.935456 -0.102188 0.046344
-0.931104 -0.110104 0.035118
-0.561536 -0.836932 0.003742
-0.952240 -0.092113 0.048935
-0.999779 -0.004318 0.421128
-0.983198 -0.030944 0.180196
-0.980261 -0.026626 0.163788
-0.999635 -0.005037 0.252735
-0.948820 -0.088515 0.081750
-0.999830 -0.003598 0.438400
-0.943334 -0.094272 0.041163
-0.979627 -0.044617 0.214738
-0.998790 -0.012234 0.103339
-0.938929 -0.110823 0.036557
-0.937323 -0.108664 0.056707
-0.942438 -0.117300 0.040299
-0.832727 -0.498705 0.003454
-0.997582 -0.017991 0.115429
-0.947499 -0.086356 0.058434
-0.922927 -0.101468 0.042314
-0.924175 -0.109384 0.033391
-0.595695 -0.795913 0.004030
-0.693335 -0.694444 0.004606
-0.622088 -0.799511 0.004893
-0.989492 -0.029505 0.105930
-0.599466 -0.835492 0.003166
-0.561203 -0.833333 0.004030
-0.735023 -0.652706 0.003454
-0.999845 -0.002879 0.305412
-0.797007 -0.512378 0.007484
-0.580768 -0.844848 0.003454
-0.584340 -0.847726 0.003166
-0.948605 -0.097150 0.043754
-0.673547 -0.711716 0.004318
-0.999856 -0.002159 0.368451
-0.987796 -0.025907 0.180196
-0.746138 -0.599453 0.005181
-0.643017 -0.741940 0.004318
-0.992442 -0.023028 0.084341
-0.855181 -0.412349 0.009211
-0.745412 -0.605210 0.005757
-0.699427 -0.707398 0.004030
-0.668125 -0.755613 0.003454
-0.720539 -0.695164 0.003166
-0.808410 -0.501583 0.006908
-0.571127 -0.857801 0.003166
-0.623365 -0.800230 0.005181
-0.600463 -0.821100 0.003166
-0.941336 -0.105786 0.040299
-0.719488 -0.637594 0.005181
-0.649871 -0.741940 0.005757
-0.997085 -0.020150 0.073115
-0.769073 -0.569229 0.006621
-0.898555 -0.344704 0.007484
-0.728083 -0.626079 0.005757
-0.733456 -0.672855 0.003454
-0.994528 -0.030225 0.062752
-0.789981 -0.562032 0.004318
-0.597680 -0.837651 0.003166
-0.984398 -0.061888 0.052389
-0.776788 -0.543322 0.005757
-0.702307 -0.708117 0.004030
-0.749704 -0.605930 0.004318
-0.693796 -0.728267 0.004030
-0.999794 -0.003598 0.305412
-0.572536 -0.823259 0.004030
-0.876884 -0.328872 0.010075
-0.990012 -0.033103 0.055843
-0.776794 -0.585780 0.004893
-0.983800 -0.079159 0.052389
-0.807528 -0.533967 0.004030
-0.725550 -0.691566 0.003166
-0.820857 -0.505181 0.005757
-0.769607 -0.570668 0.005181
-0.801466 -0.513817 0.006908
-0.700947 -0.688687 0.005757
-0.861497 -0.376367 0.009211
-0.829858 -0.463443 0.005757
-0.635604 -0.754893 0.004318
-0.640364 -0.763529 0.004030
-0.716502 -0.654865 0.005757
-0.778860 -0.551957 0.004893
-0.698048 -0.691566 0.005181
-0.943363 -0.101468 0.032815
-0.880547 -0.351180 0.008348
-0.823552 -0.507340 0.004030
-0.805504 -0.531808 0.006621
-0.938023 -0.243235 0.006621
-0.732863 -0.664220 0.004318
-0.907570 -0.244675 0.011802
-0.750498 -0.629678 0.004318
-0.840824 -0.430340 0.007772
-0.788013 -0.516695 0.007196
-0.873415 -0.358377 0.009499
-0.809716 -0.501583 0.005757
-0.947690 -0.212291 0.013529
-0.711536 -0.686529 0.004893
-0.762415 -0.613126 0.003454
-0.887047 -0.303685 0.012666
-0.728031 -0.685089 0.003166
-0.710299 -0.667818 0.004318
-0.755874 -0.636154 0.003166
-0.990452 -0.021589 0.124064
-0.988821 -0.030944 0.113126
-0.959373 -0.169113 0.011802
-0.670594 -0.720351 0.004893
-0.874177 -0.415227 0.004030
-0.750318 -0.566350 0.005757
-0.753394 -0.587939 0.005181
-0.676167 -0.741220 0.003454
-0.673202 -0.736903 0.003454
-0.871030 -0.360535 0.007484
-0.949890 -0.204375 0.010938
-0.707387 -0.701641 0.004318
-0.818839 -0.510938 0.003454
-0.726905 -0.641911 0.004318
-0.609963 -0.798791 0.004030
-0.748910 -0.639752 0.004030
-0.773666 -0.557714 0.005181
-0.945816 -0.110104 0.032527
-0.642324 -0.796632 0.003166
-0.803507 -0.549799 0.003166
-0.933546 -0.128094 0.029937
-0.888824 -0.370610 0.007484
-0.567409 -0.831174 0.005181
-0.628670 -0.803109 0.004318
-0.640820 -0.788716 0.004893
-0.986997 -0.044617 0.041163
-0.601505 -0.808866 0.004030
-0.980521 -0.068365 0.052389
-0.619086 -0.782239 0.005181
-0.941943 -0.096431 0.042890
-0.939522 -0.233880 0.009211
-0.727883 -0.622481 0.006621
-0.836397 -0.438256 0.006908
-0.802779 -0.492948 0.006045
-0.616955 -0.786557 0.004893
-0.833557 -0.423143 0.008060
-0.936867 -0.102188 0.066494
-0.981506 -0.033103 0.163788
-0.887230 -0.377807 0.007484
-0.774891 -0.539724 0.006621
-0.849729 -0.467761 0.003454
-0.876836 -0.333909 0.008348
-0.942087 -0.114421 0.040299
-0.592283 -0.830455 0.004030
-0.928125 -0.184226 0.016983
-0.863492 -0.374208 0.008348
-0.837923 -0.487910 0.004318
-0.617719 -0.821819 0.003166
-0.940544 -0.096431 0.046344
-0.818839 -0.516695 0.004893
-0.710518 -0.691566 0.004318
-0.964166 -0.152562 0.011802
-0.808341 -0.500144 0.005757
-0.824790 -0.477116 0.004893
-0.658049 -0.747697 0.004030
-0.987555 -0.022309 0.083477
-0.914895 -0.187824 0.018710
-0.635928 -0.785118 0.003454
-0.999113 -0.010794 0.206966
-0.900113 -0.342545 0.004893
-0.885593 -0.379246 0.006621
-0.987089 -0.048215 0.057571
-0.950884 -0.194301 0.012953
-0.771045 -0.567070 0.004030
-0.879697 -0.331031 0.012666
-0.871736 -0.340386 0.011226
-0.808550 -0.505181 0.006908
-0.937837 -0.113702 0.036845
-0.644099 -0.755613 0.004030
-0.908685 -0.320236 0.004893
-0.650091 -0.781520 0.003454
-0.945691 -0.215889 0.010075
-0.781999 -0.535406 0.005181
-0.807619 -0.521013 0.006045
-0.983983 -0.061888 0.043754
-0.701932 -0.705959 0.003454
-0.993943 -0.032383 0.074842
-0.581347 -0.851324 0.003454
-0.846143 -0.473518 0.003454
-0.895336 -0.345423 0.008348
-0.841594 -0.468480 0.007484
-0.909661 -0.315199 0.009499
-0.570954 -0.859960 0.003454
-0.953957 -0.112263 0.042890
-0.863618 -0.357657 0.011802
-0.945534 -0.113702 0.042890
-0.896013 -0.293610 0.012666
-0.592188 -0.838371 0.003166
-0.607970 -0.830455 0.004893
-0.691486 -0.719632 0.004030
-0.883764 -0.294329 0.010075
-0.729971 -0.680771 0.003166
-0.644473 -0.759931 0.004893
-0.990545 -0.048935 0.049799
-0.942939 -0.104347 0.048935
-0.623365 -0.800230 0.004030
-0.578541 -0.830455 0.003454
-0.970537 -0.130253 0.022165
-0.948346 -0.207254 0.010938
-0.687056 -0.723949 0.004318
-0.885039 -0.300086 0.010363
-0.868916 -0.379246 0.008636
-0.937483 -0.095711 0.058434
-0.931505 -0.261226 0.009211
-0.999473 -0.004318 0.184514
-0.864400 -0.430340 0.004893
-0.900634 -0.254750 0.010075
-0.916047 -0.195740 0.025619
-0.794213 -0.540443 0.005757
-0.806466 -0.532527 0.005181
-0.951612 -0.197899 0.011226
-0.778297 -0.595855 0.004030
-0.743236 -0.604491 0.004030
-0.999480 -0.005037 0.191422
-0.865460 -0.436097 0.004030
-0.627420 -0.815343 0.003166
-0.830169 -0.446891 0.007484
-0.885997 -0.289292 0.011802
-0.665790 -0.749856 0.003454
-0.979377 -0.084197 0.032527
-0.881304 -0.390040 0.005757
-0.978620 -0.082038 0.032527
-0.819458 -0.458405 0.009499
-0.847275 -0.415947 0.009211
-0.836642 -0.484312 0.005181
-0.981876 -0.071963 0.024755
-0.756682 -0.588659 0.004893
-0.737682 -0.613126 0.004318
-0.907295 -0.256189 0.013529
-0.660170 -0.759931 0.004030
-0.713256 -0.673575 0.004030
-0.626985 -0.788716 0.004606
-0.938084 -0.109384 0.048935
-0.867885 -0.358377 0.008636
-0.785979 -0.564911 0.004893
-0.783001 -0.584341 0.003166
-0.797691 -0.562032 0.003166
-0.978832 -0.090674 0.023892
-0.962589 -0.159039 0.015256
-0.748698 -0.649108 0.004030
-0.837163 -0.487910 0.003742
-0.907400 -0.325273 0.004893
-0.963473 -0.150403 0.014393
-0.854637 -0.396517 0.007484
-0.971205 -0.128094 0.020438
-0.748329 -0.649108 0.004893
-0.633336 -0.768566 0.003742
-0.894175 -0.361255 0.005757
-0.706329 -0.660622 0.006621
-0.855109 -0.454088 0.003454
-0.850458 -0.418106 0.008348
-0.798672 -0.560593 0.003166
-0.623479 -0.794473 0.004893
-0.651937 -0.778641 0.003742
-0.647636 -0.757052 0.004030
-0.896377 -0.354059 0.008348
-0.859698 -0.446891 0.003742
-0.870300 -0.416667 0.007484
-0.921465 -0.295769 0.005757
-0.783307 -0.521733 0.005181
-0.938503 -0.107225 0.032527
-0.790527 -0.531088 0.006621
-0.959640 -0.169833 0.013817
-0.997696 -0.015832 0.098158
-0.792184 -0.497265 0.006621
-0.947497 -0.211572 0.009499
-0.915612 -0.305843 0.007484
-0.887806 -0.277058 0.011226
-0.924174 -0.279937 0.009211
-0.992097 -0.040299 0.047208
-0.890689 -0.364134 0.007484
-0.872842 -0.361255 0.009499
-0.770116 -0.570668 0.004318
-0.939316 -0.230282 0.009499
-0.870035 -0.347582 0.009499
-0.863753 -0.389321 0.007484
-0.955955 -0.181347 0.012666
-0.579335 -0.821100 0.004030
-0.744874 -0.620322 0.005181
-0.691486 -0.721071 0.006621
-0.665670 -0.731865 0.004030
-0.927530 -0.145366 0.024755
-0.943707 -0.086356 0.039436
-0.943303 -0.220207 0.009211
-0.985728 -0.056851 0.032527
-0.843345 -0.423143 0.007484
-0.921701 -0.205815 0.015256
-0.838271 -0.446891 0.007772
-0.915645 -0.210852 0.013529
-0.882732 -0.330311 0.008636
-0.949726 -0.200777 0.010938
-0.919603 -0.189983 0.018710
-0.969344 -0.133851 0.016408
-0.650469 -0.784398 0.003742
-0.910053 -0.256189 0.011802
-0.933909 -0.250432 0.012666
-0.928612 -0.269142 0.010938
-0.974821 -0.114421 0.019574
-0.965302 -0.150403 0.014393
-0.762023 -0.616005 0.004030
-0.795116 -0.564911 0.003166
-0.657879 -0.740501 0.004030
-0.642324 -0.797352 0.003166
-0.967155 -0.144646 0.016120
-0.926515 -0.169833 0.019574
-0.990012 -0.030944 0.061025
-0.918188 -0.301526 0.005757
-0.701281 -0.716753 0.003454
-0.986189 -0.063328 0.035118
-0.935162 -0.248993 0.013529
-0.858351 -0.447611 0.003742
-0.857759 -0.450489 0.004030
-0.920920 -0.215170 0.015256
-0.946573 -0.215889 0.009211
-0.869940 -0.421704 0.004893
-0.861279 -0.444013 0.004030
-0.606135 -0.785118 0.004030
-0.790700 -0.569948 0.003166
-0.758773 -0.577864 0.005181
-0.758679 -0.629678 0.003166
-0.921641 -0.195740 0.016983
-0.762961 -0.620322 0.005757
-0.970745 -0.125216 0.013817
-0.820213 -0.470639 0.007484
-0.845381 -0.400115 0.007484
-0.922810 -0.180628 0.034254
-0.922752 -0.184226 0.015256
-0.678643 -0.727547 0.004030
-0.677969 -0.744099 0.003166
-0.889767 -0.373489 0.004893
-0.628539 -0.798791 0.003454
-0.765597 -0.618883 0.003166
-0.965931 -0.149683 0.011802
-0.688436 -0.711716 0.004893
-0.829957 -0.472798 0.006621
-0.779045 -0.539724 0.005757
-0.929489 -0.161197 0.018998
-0.851663 -0.384283 0.008636
-0.717575 -0.649108 0.004030
-0.924980 -0.168394 0.018710
-0.910363 -0.316638 0.004893
-0.611949 -0.795193 0.004893
-0.947111 -0.120898 0.030800
-0.764026 -0.612406 0.004893
-0.986989 -0.062608 0.028210
-0.845548 -0.395797 0.008348
-0.894215 -0.295049 0.010075
-0.828564 -0.463443 0.006621
-0.690548 -0.710276 0.004893
-0.708091 -0.709557 0.003742
-0.754249 -0.637594 0.003454
-0.713466 -0.704519 0.003166
-0.665790 -0.748417 0.004030
-0.879334 -0.332470 0.010938
-0.835383 -0.463443 0.006621
-0.979388 -0.089954 0.019574
-0.801376 -0.497265 0.006621
-0.999282 -0.008636 0.119747
-0.780842 -0.587939 0.004030
-0.637223 -0.791595 0.004318
-0.957282 -0.179188 0.015256
-0.846176 -0.420984 0.007772
-0.984234 -0.066926 0.025619
-0.937543 -0.145366 0.020725
-0.830658 -0.444013 0.006621
-0.943632 -0.214450 0.012666
-0.932845 -0.254750 0.010075
-0.708571 -0.688687 0.004030
-0.969254 -0.138889 0.018710
-0.615391 -0.816062 0.004893
-0.891722 -0.358377 0.006908
-0.950866 -0.089954 0.040299
-0.751774 -0.634715 0.004318
-0.710756 -0.696603 0.003454
-0.999196 -0.008636 0.164652
-0.882769 -0.333909 0.009211
-0.948888 -0.105786 0.043178
-0.971205 -0.129534 0.021589
-0.838873 -0.413788 0.007772
-0.576885 -0.816062 0.003742
-0.687475 -0.736183 0.003454
-0.935162 -0.245394 0.010075
-0.851623 -0.400115 0.006908
-0.592462 -0.828296 0.003742
-0.978770 -0.089954 0.019862
-0.861761 -0.443293 0.004030
-0.960692 -0.164796 0.012953
-0.882192 -0.385723 0.007484
-0.709047 -0.693005 0.004318
-0.604446 -0.799511 0.004606
-0.926278 -0.276339 0.010938
-0.644112 -0.790155 0.003454
-0.634383 -0.769286 0.005469
-0.765293 -0.619603 0.003166
-0.918256 -0.177029 0.019574
-0.968347 -0.138889 0.014393
-0.754930 -0.567789 0.004893
-0.978824 -0.091393 0.019574
-0.918866 -0.297208 0.007484
-0.923517 -0.279937 0.009211
-0.841594 -0.475676 0.006621
-0.906147 -0.323115 0.009211
-0.993430 -0.035262 0.056995
-0.583786 -0.811744 0.003454
-0.882406 -0.331750 0.010075
-0.903339 -0.333189 0.006621
-0.879269 -0.402274 0.004030
-0.837163 -0.436097 0.007484
-0.832443 -0.462003 0.006908
-0.909940 -0.218768 0.015256
-0.909457 -0.245394 0.013529
-0.814974 -0.487910 0.006621
-0.742800 -0.628958 0.004893
-0.898347 -0.281376 0.014680
-0.911633 -0.238198 0.012666
-0.990135 -0.045337 0.047208
-0.982297 -0.076281 0.031664
-0.810126 -0.531808 0.003166
-0.931806 -0.148244 0.028210
-0.973736 -0.117300 0.033679
-0.681444 -0.739062 0.003454
-0.678643 -0.728987 0.003454
-0.982567 -0.079879 0.028497
-0.873307 -0.416667 0.004030
-0.919482 -0.206534 0.016120
-0.972337 -0.123057 0.017271
-0.776612 -0.598733 0.004030
-0.884752 -0.382124 0.008348
-0.930810 -0.120178 0.040587
-0.964226 -0.154001 0.010363
-0.917470 -0.217329 0.015256
-0.934895 -0.243235 0.007772
-0.569546 -0.837651 0.004030
-0.992242 -0.042458 0.080887
-0.748055 -0.638313 0.004318
-0.875231 -0.408751 0.006621
-0.830402 -0.438975 0.007484
-0.957282 -0.175590 0.017271
-0.592035 -0.790155 0.005181
-0.780770 -0.587939 0.003166
-0.953319 -0.189263 0.010938
-0.729971 -0.672136 0.003166
-0.890921 -0.364853 0.004893
-0.903512 -0.336068 0.007772
-0.754779 -0.625360 0.004893
-0.812325 -0.487910 0.004893
-0.933315 -0.133851 0.035406
-0.828014 -0.458405 0.006908
-0.839946 -0.482153 0.004893
-0.678403 -0.729706 0.004030
-0.911489 -0.246114 0.014393
-0.902563 -0.240357 0.014393
-0.644753 -0.777202 0.003166
-0.701932 -0.708117 0.004030
-0.903090 -0.266264 0.012953
-0.979069 -0.087075 0.020725
-0.748055 -0.639033 0.004030
-0.668023 -0.724669 0.004893
-0.748417 -0.644070 0.004030
-0.932271 -0.107225 0.041163
-0.982997 -0.028066 0.175014
-0.813415 -0.494387 0.006908
-0.978137 -0.093552 0.019574
-0.857892 -0.449770 0.004030
-0.947345 -0.082038 0.035694
-0.634912 -0.767847 0.004893
-0.978909 -0.019430 0.143926
-0.939794 -0.090674 0.041451
-0.971348 -0.049655 0.154289
-0.984781 -0.066206 0.033391
-0.571127 -0.841969 0.004030
-0.985880 -0.055412 0.043754
-0.741719 -0.662781 0.003454
-0.714523 -0.685089 0.003742
-0.733469 -0.623201 0.004030
-0.980459 -0.077001 0.024755
-0.847774 -0.404433 0.010075
-0.868302 -0.345423 0.007772
-0.928964 -0.144646 0.019574
-0.943174 -0.227404 0.008348
-0.987141 -0.061169 0.028210
-0.961688 -0.159758 0.016120
-0.796558 -0.564191 0.003166
-0.925210 -0.184226 0.016983
-0.986520 -0.053253 0.041163
-0.916090 -0.305124 0.007772
-0.914523 -0.303685 0.005757
-0.947577 -0.207254 0.010938
-0.802127 -0.550518 0.003166
-0.921450 -0.296488 0.005757
